7813045441
7714061756
7709024283
7718710585
7734087696
7704032379
3730004236
7705034322
7713059497
7701031585
7714042070
7820009821
7821006887
7728094832
5260001132
5408106348
5406011563
7731243467
4501022210
7821007633
7813045441
6165033778
6167034142
7815022288
6450525200
6658021459
7728008953
7734012806
7802030429
7704115177
7713003222
7728016351
7706137673
7710103758
7736182930
7724075162
7734086195
7733574898
7733108569
7728020823
5003018904
1511017599
7204152364
3015081689
2466228533
5835075661
2724139667
7453215984
2130037189
5902293788
2628055277
6732033809
2225130700
5403338271
3917513457
3906955206
2365023900
7801274408
7728020823
3410060369
7817012398